64 67 68 60 66 71 65 70 69 63 63 66 61 64 74 64 61 67 72 67 60 66 70 65 67 65 71 64 68 67 64 65 68 64 65 68 63 66 63 72 67 65 63 67 69 64 64 63 64 58 61 66 68 66 59 62 76 68 66 72 70 63 68 69 73 59 59 66 61 68 64 61 61 59 64 67 64 61 63 69 68 53 67 72 69 67 71 71 68 65 71 66 69 63 69 71 60 66 72 66 65 71 62 65 68 71 66 65 64 63 65 63 
60 67 64 71 66 66 67 68 64 65 67 65 71 62 61 69 60 64 61 63 73 66 60 62 69 67 60 67 72 63 64 64 64 56 50 63 65 61 68 65 65 69 64 63 67 69 71 62 65 61 63 59 68 67 65 63 69 63 67 70 62 60 70 68 66 68 66 73 67 57 59 63 61 60 66 62 69 64 63 69 64 65 61 65 73 72 62 66 64 62 67 63 70 71 63 61 65 70 64 66 68 66 70 66 66 60 62 63 69 63 77 58 
67 63 67 68 65 64 62 66 72 62 71 71 70 65 59 69 72 62 69 70 67 65 65 70 56 66 61 67 65 66 68 60 68 67 67 58 62 69 68 65 64 68 70 66 71 67 73 68 72 68 67 66 63 62 61 65 66 62 62 65 67 65 61 61 66 63 68 65 68 61 65 63 67 65 65 67 63 62 59 67 63 68 68 67 60 66 63 69 68 66 63 67 63 65 73 66 71 69 70 64 69 70 64 67 67 64 70 62 58 63 66 71 
67 66 66 65 67 66 67 64 64 73 66 61 60 66 70 70 63 61 68 62 64 63 68 68 69 63 63 65 62 62 60 66 61 65 64 61 65 65 70 74 68 70 68 66 63 61 61 63 64 66 69 61 67 58 62 64 58 52 68 66 60 62 61 60 64 67 64 64 62 73 63 61 69 62 67 67 68 68 61 71 64 62 57 69 65 66 68 61 68 66 66 65 64 64 69 61 65 67 66 60 60 57 68 61 69 67 64 63 59 63 65 59 
62 69 59 68 62 70 66 59 66 61 62 58 62 68 62 65 67 65 68 68 73 62 70 71 69 64 71 65 63 64 66 72 62 71 63 66 65 67 58 60 62 68 67 66 67 66 66 63 64 66 70 68 71 62 60 62 59 67 64 65 64 67 63 58 66 67 66 67 72 70 68 64 68 65 73 61 64 64 65 64 66 65 69 69 59 69 63 69 67 64 62 69 62 69 63 62 63 74 65 68 74 63 65 65 61 70 67 65 69 69 64 66 
70 63 58 59 58 61 68 73 65 62 68 71 65 66 64 70 67 67 63 66 61 65 66 62 63 61 69 62 63 68 62 66 64 68 67 67 67 61 62 66 68 61 65 67 66 65 70 68 66 61 71 72 60 67 69 59 69 70 67 64 62 70 62 62 63 66 69 61 70 67 69 70 68 59 64 61 64 68 61 61 66 63 57 69 66 62 65 59 70 69 62 69 69 59 64 64 60 71 64 72 62 62 69 63 62 61 65 63 70 70 66 62 
65 70 64 72 70 67 71 65 62 75 67 57 61 63 74 66 64 64 66 62 71 64 65 62 66 65 62 64 57 68 65 68 63 65 62 67 63 63 65 71 62 65 62 63 67 68 65 61 67 60 67 71 62 64 63 62 67 63 63 68 70 64 63 71 67 70 67 64 65 67 69 64 66 65 67 69 67 60 67 68 61 65 62 71 57 62 63 67 68 67 68 65 66 62 62 60 56 67 68 66 71 63 67 69 70 68 64 62 63 60 63 57 
68 71 57 69 60 62 65 69 63 67 66 68 63 71 53 60 63 67 74 72 65 67 67 65 60 64 65 70 66 70 67 65 62 58 68 64 68 68 68 71 64 61 57 68 61 62 62 67 65 64 62 67 68 70 67 64 64 60 62 64 63 70 67 68 67 68 65 67 68 66 61 66 67 68 63 62 60 67 66 69 67 70 64 71 69 66 63 62 69 61 67 66 69 64 62 63 66 61 64 61 69 73 59 71 66 70 63 67 71 66 71 67 
64 56 68 68 59 70 67 62 72 68 70 63 72 69 64 73 68 62 68 72 66 59 62 62 70 60 63 63 67 65 63 69 65 69 66 60 63 71 71 69 64 74 66 65 60 65 65 65 66 63 64 71 70 69 60 66 63 66 68 63 60 61 68 66 65 62 67 74 67 59 65 64 62 70 64 66 63 62 60 70 66 62 64 65 64 64 72 66 71 68 69 58 69 64 64 60 66 69 63 65 71 67 60 64 59 68 60 70 65 74 65 64 
60 63 66 67 59 66 66 66 66 70 62 68 71 61 64 67 73 65 67 70 65 68 65 68 67 68 63 61 69 60 69 62 66 59 65 64 62 66 68 59 65 68 69 71 66 58 69 65 58 58 61 61 68 65 60 66 65 67 68 59 63 62 72 66 68 62 70 64 65 67 66 65 68 62 69 67 66 66 62 63 71 66 65 61 66 66 70 69 63 68 61 65 61 60 69 67 70 68 64 70 60 64 67 63 71 66 61 66 64 64 69 65 
66 66 68 70 69 72 72 63 62 65 64 64 64 63 68 64 65 65 67 66 57 72 64 62 68 68 67 62 62 68 62 71 68 62 67 68 65 60 66 64 61 67 59 62 65 71 69 62 66 70 66 64 68 70 69 59 67 67 63 69 67 63 66 68 65 64 68 69 69 67 63 68 69 59 66 66 65 66 65 68 64 69 68 63 64 63 63 64 65 62 69 67 62 65 67 65 61 69 61 59 71 69 62 61 66 65 62 71 62 69 63 68 
68 63 61 67 62 61 65 62 69 61 67 70 63 70 63 70 65 73 64 75 65 73 66 66 64 67 64 64 70 62 70 63 63 65 67 67 59 69 69 64 65 64 71 71 70 64 61 64 64 67 70 63 61 63 69 68 67 67 66 66 67 63 62 61 61 66 67 63 63 65 71 65 66 69 65 70 64 66 76 66 61 62 65 67 68 57 60 66 71 67 61 69 70 59 65 59 65 63 66 69 64 69 67 66 70 61 68 67 71 68 66 62 
62 66 69 62 61 67 60 65 62 67 70 64 66 73 65 70 63 71 70 64 67 67 71 68 59 68 62 71 65 64 71 68 66 68 66 60 65 72 63 64 66 66 69 60 59 65 63 56 64 70 66 71 66 67 63 69 67 66 67 67 64 66 64 66 66 65 64 66 61 62 64 66 61 64 66 69 67 58 65 61 58 62 69 63 67 69 73 64 62 68 62 70 66 64 64 68 66 64 67 66 60 69 68 64 65 67 67 60 64 61 66 67 
74 68 64 65 68 61 68 65 61 68 65 66 66 63 71 67 71 60 69 61 64 64 62 59 69 62 70 64 75 67 67 69 71 67 62 67 71 65 63 63 68 65 69 66 68 57 68 62 64 61 63 63 66 63 58 61 71 75 71 72 62 70 68 66 61 67 70 69 66 68 64 65 59 64 70 64 70 68 70 62 68 64 61 64 69 69 67 59 62 62 69 62 61 58 61 62 64 58 68 69 69 64 65 71 65 65 70 69 62 72 67 68 
65 63 65 66 65 69 67 60 71 58 62 63 63 66 67 69 68 69 60 63 65 67 71 59 63 65 73 66 68 66 67 64 72 62 62 72 68 62 65 61 66 68 67 64 58 66 64 63 61 64 66 64 63 68 69 64 69 67 67 66 67 61 73 65 70 65 65 66 67 67 63 70 65 60 68 64 61 68 65 63 63 68 62 57 61 62 71 59 64 68 66 66 68 64 57 67 60 62 64 74 63 68 64 65 68 67 63 68 67 63 61 69 
66 67 61 67 67 59 65 61 61 67 64 68 65 65 60 66 70 71 64 65 61 61 61 76 57 61 65 70 70 60 68 69 68 65 62 67 63 64 63 67 63 59 65 67 63 63 59 67 63 64 66 66 65 58 62 64 71 68 72 72 69 59 62 68 60 71 62 71 69 64 59 66 64 62 70 61 61 68 68 64 62 65 59 67 64 72 69 72 58 64 66 61 60 68 65 64 69 64 66 66 61 66 63 64 64 67 65 68 62 69 71 70 
67 63 68 74 60 70 64 65 65 63 65 62 65 67 73 66 69 61 64 66 68 62 66 66 63 64 69 67 61 69 63 69 65 66 68 67 68 67 71 66 62 66 64 69 62 63 64 60 69 66 64 65 66 60 60 67 61 63 69 67 65 63 67 75 58 70 59 73 68 64 68 67 69 68 63 71 66 66 66 71 68 74 68 67 70 62 64 67 65 70 64 64 70 65 63 64 66 66 57 72 66 70 69 66 74 69 69 66 68 68 69 65 
63 62 67 67 61 61 72 68 62 64 68 70 73 59 64 66 65 64 71 69 67 71 66 62 66 63 68 69 70 65 67 71 69 70 66 65 67 61 67 69 62 67 69 69 67 59 59 71 66 65 62 68 62 67 68 71 62 63 67 62 70 74 66 65 66 67 62 58 62 60 69 65 59 66 73 71 70 65 57 68 68 67 69 65 65 64 65 61 68 65 67 57 70 63 60 72 63 64 64 70 64 76 63 68 65 62 68 63 67 66 62 69 
69 65 65 67 61 56 61 70 70 66 67 64 64 70 58 62 66 64 63 56 65 61 68 72 66 65 69 56 67 63 62 68 73 62 61 69 67 62 64 62 64 66 67 70 64 63 65 68 72 61 62 66 61 68 65 68 62 67 68 70 69 67 64 68 67 65 64 62 67 67 69 64 71 67 71 63 64 67 67 63 64 64 63 62 73 62 62 65 66 72 71 64 68 69 66 72 70 62 66 63 67 71 70 64 59 62 66 66 71 66 65 63 
66 64 64 62 65 65 67 67 64 74 65 67 67 67 67 66 70 70 61 60 67 70 66 65 68 64 69 71 67 72 63 59 68 62 65 68 67 55 69 62 64 63 64 68 69 65 64 67 76 66 66 63 66 64 67 69 67 61 61 67 66 65 67 61 67 67 68 66 68 62 67 66 67 70 62 64 62 70 69 66 64 65 69 68 63 60 65 58 74 65 64 68 64 63 69 62 62 74 68 62 62 57 63 72 68 65 63 60 68 71 67 64 
