80 66 80 79 72 81 72 74 79 72 80 68 81 69 74 77 74 67 76 79 78 78 77 79 75 78 69 83 79 76 72 74 71 80 75 73 79 71 71 77 76 75 71 74 76 76 75 76 69 75 77 70 84 70 74 73 73 70 81 78 69 75 74 78 70 64 81 82 73 77 89 79 75 81 77 81 69 74 78 76 82 77 75 69 71 74 66 71 77 75 77 78 77 77 80 71 74 81 84 73 77 69 72 71 83 70 68 79 76 77 66 76 73 76 78 67 75 68 75 83 77 76 78 76 76 71 72 77 
71 78 76 73 68 73 73 74 79 77 71 74 78 77 75 74 76 72 78 75 70 77 80 79 73 75 74 74 72 70 76 80 76 79 76 70 79 74 76 69 77 76 73 69 74 77 76 75 76 72 70 72 73 79 69 73 75 77 71 77 68 75 72 72 72 77 72 76 79 70 75 77 76 76 75 73 75 71 77 75 78 68 72 67 66 78 76 69 75 75 79 76 74 72 77 82 75 68 69 71 80 74 68 78 75 75 79 74 79 71 73 74 78 78 68 77 73 75 73 78 68 83 76 74 70 70 78 79 
76 70 78 76 76 73 72 74 76 74 73 81 75 73 74 69 77 76 78 74 79 73 72 75 70 78 74 75 75 71 77 75 68 75 80 79 79 73 70 73 66 74 78 76 70 81 70 70 76 72 76 83 73 73 77 78 76 75 72 74 78 81 77 66 77 74 76 69 76 70 79 71 80 76 73 77 74 80 76 72 76 80 82 79 66 70 74 75 84 71 73 84 69 76 76 76 71 77 75 75 66 74 76 76 75 77 79 69 77 77 78 81 78 61 75 79 70 61 77 76 76 77 75 71 74 74 81 72 
74 71 76 77 70 75 71 74 81 77 70 76 77 76 74 71 76 74 75 81 81 80 75 69 82 77 73 71 79 67 76 78 75 69 71 80 73 72 75 75 75 71 75 74 69 74 67 79 72 75 80 72 76 77 79 76 73 79 77 80 78 77 72 67 84 81 72 72 70 73 71 77 81 75 79 76 75 72 74 73 79 72 79 72 75 76 77 79 79 73 74 79 72 68 76 73 74 70 74 66 76 68 78 74 73 77 77 73 70 75 76 83 79 71 75 79 78 72 76 73 80 65 74 81 78 73 77 72 
76 75 70 75 72 78 75 68 75 74 78 77 75 79 70 73 73 74 74 74 78 79 75 74 75 77 70 75 72 74 70 71 75 79 71 81 78 75 70 78 71 76 80 80 84 73 72 74 77 75 75 73 71 70 72 75 81 77 81 74 76 81 75 72 69 69 73 67 77 76 83 76 73 73 80 77 82 74 71 72 80 71 72 75 75 65 63 79 78 79 77 80 72 75 68 74 77 78 78 77 72 71 71 71 71 65 78 66 80 69 77 77 73 79 71 76 73 74 71 81 73 76 74 74 68 80 77 78 
72 73 74 76 72 69 74 78 77 75 70 74 77 75 78 78 71 76 76 72 76 75 76 76 72 79 82 72 65 72 72 70 67 78 74 76 72 80 71 75 77 74 85 71 74 73 82 77 79 74 70 70 69 78 74 80 73 80 75 72 78 71 69 63 76 73 78 77 71 74 72 75 72 72 74 79 77 83 76 78 77 72 81 75 71 74 75 70 76 71 75 71 77 69 72 75 73 76 77 77 81 75 77 77 69 75 76 68 70 73 76 76 74 73 79 78 79 80 78 82 74 76 72 72 77 76 75 74 
80 78 82 74 77 78 71 79 80 75 77 68 78 79 74 70 74 76 77 76 73 77 76 74 76 77 70 77 68 76 78 74 71 70 74 71 74 78 73 77 70 73 80 77 76 67 69 79 75 77 72 68 75 73 75 69 83 75 70 77 73 76 82 70 79 78 70 73 75 77 74 73 78 84 69 75 70 68 71 77 76 82 75 75 77 73 77 70 69 76 72 80 83 74 72 76 73 75 72 80 78 70 71 75 70 79 67 73 70 72 81 81 74 74 72 70 84 76 77 85 78 83 71 76 73 72 80 71 
77 75 70 78 71 75 70 75 79 75 83 79 74 74 76 77 65 77 80 80 70 72 73 82 73 70 70 81 82 75 75 76 72 71 75 73 75 73 73 73 74 84 78 71 73 67 75 75 75 76 71 77 73 70 69 75 77 74 76 71 72 76 75 77 74 74 73 77 70 71 78 69 76 66 69 76 80 72 68 72 73 73 64 78 67 77 80 76 81 74 76 74 68 83 73 83 73 74 72 71 80 81 74 78 73 71 79 71 73 75 68 75 80 72 76 76 79 72 68 73 72 76 72 73 80 79 69 71 
80 76 74 78 76 71 75 76 79 75 74 70 76 71 82 80 74 81 75 76 70 78 79 73 83 75 75 71 70 66 73 75 69 79 78 71 70 80 70 74 81 71 79 74 80 72 73 69 71 78 69 76 71 74 74 71 75 71 76 72 73 76 85 75 78 78 71 76 73 76 84 70 81 81 77 66 79 73 81 76 71 77 76 72 74 75 74 74 73 75 78 77 74 74 72 70 72 70 77 66 79 71 72 77 76 71 82 79 71 70 80 74 75 77 78 75 76 75 73 72 78 80 77 72 76 73 65 70 
67 82 70 71 77 81 78 74 70 74 73 80 68 73 71 76 77 79 72 73 81 79 73 74 76 76 73 76 74 69 75 73 82 71 69 74 77 73 76 71 76 69 82 76 78 80 77 78 76 79 76 84 77 73 72 68 78 81 63 70 69 74 65 78 75 75 80 70 79 77 71 76 75 83 70 76 79 78 81 73 77 78 75 67 71 71 77 77 76 73 75 73 67 72 78 83 77 76 73 75 73 76 73 78 71 76 71 68 73 70 67 73 67 74 74 73 84 81 76 68 71 76 76 86 77 73 83 69 
79 77 72 75 72 74 81 79 78 77 75 74 79 72 76 73 75 74 71 75 73 77 82 64 81 78 77 75 77 76 66 80 73 85 78 73 69 76 75 74 76 75 71 74 78 72 84 72 72 69 75 77 82 77 72 74 75 71 80 71 77 69 78 75 74 68 75 71 71 73 78 71 67 71 74 74 72 75 76 81 77 67 80 77 74 71 73 83 75 68 75 75 82 66 72 70 72 77 70 81 74 75 77 75 65 74 77 87 80 81 74 77 68 75 69 80 75 71 78 73 72 69 72 72 80 80 73 79 
78 78 74 69 76 75 79 72 73 76 79 80 78 74 72 72 72 73 75 73 78 76 80 78 73 76 68 65 67 69 71 73 77 76 72 76 75 72 69 70 71 70 69 75 73 81 65 74 80 71 78 73 66 78 76 77 75 77 71 72 82 77 76 69 69 73 79 76 75 72 69 71 73 66 82 75 79 72 74 73 79 76 77 72 77 78 76 74 70 72 80 78 79 75 66 75 78 77 76 72 76 76 75 74 81 69 81 75 78 71 73 70 68 74 72 75 69 68 82 67 75 82 74 74 81 80 75 77 
71 87 81 69 78 69 73 73 77 71 78 79 76 67 79 82 66 73 81 73 78 79 72 76 79 80 71 73 72 68 65 68 74 78 80 77 77 74 75 75 81 68 73 69 79 76 75 75 78 72 77 75 76 73 78 76 79 72 71 71 75 80 79 69 69 76 75 75 78 70 70 79 78 74 69 75 77 72 77 72 74 73 78 85 73 75 78 81 79 80 83 78 72 74 75 73 82 80 75 78 72 73 76 76 72 74 68 76 69 72 79 71 73 72 72 72 81 72 77 66 74 70 77 72 78 76 81 73 
71 71 75 72 78 77 70 75 77 71 71 79 69 69 64 75 76 71 69 76 73 71 75 74 77 66 79 78 73 76 77 73 81 78 71 76 79 78 63 73 72 77 79 78 79 74 69 80 71 70 79 78 76 80 80 63 76 73 71 70 80 76 70 77 74 77 70 72 74 68 80 75 74 73 74 75 83 82 83 76 76 80 80 72 77 66 73 77 66 68 70 74 77 84 78 76 75 71 70 75 74 73 83 73 77 69 77 71 71 68 78 72 77 67 76 76 76 64 69 83 76 80 78 75 75 81 73 74 
74 77 69 75 69 74 71 76 68 81 73 72 72 65 74 71 76 78 79 82 76 77 70 75 75 73 72 72 78 68 74 83 80 66 77 74 72 73 79 76 71 75 75 74 72 81 65 70 77 76 72 71 68 78 73 81 69 69 75 77 78 83 72 80 77 78 80 77 69 69 74 79 78 79 74 66 77 73 84 70 68 82 74 74 77 71 77 70 69 78 70 76 70 72 74 77 82 78 80 76 76 71 76 75 73 77 76 79 75 77 77 69 70 75 81 73 79 83 78 76 83 74 76 78 71 70 78 80 
79 79 75 76 73 71 69 83 81 68 79 83 72 73 73 75 74 70 73 74 78 70 74 76 74 80 76 78 81 71 72 72 73 77 76 79 69 76 82 77 73 75 78 68 79 74 72 74 82 76 77 80 76 72 77 71 75 75 77 78 76 74 72 76 79 73 75 80 77 74 75 77 73 75 73 77 73 77 75 68 80 79 77 67 71 71 82 74 73 76 77 74 87 72 71 79 74 70 75 74 78 72 71 67 78 72 81 73 74 71 72 74 74 70 75 73 73 76 71 77 77 70 75 80 75 76 66 76 
69 77 73 75 80 70 77 80 77 80 73 79 71 80 71 79 82 71 78 73 72 68 73 69 68 77 79 74 80 72 70 74 70 74 77 77 71 71 74 76 73 71 76 75 74 74 80 76 83 78 71 72 78 69 77 69 76 73 67 77 83 79 74 77 72 77 71 80 70 78 70 77 77 68 75 75 71 81 73 82 73 75 76 83 74 78 82 76 70 75 78 69 69 87 78 76 75 79 78 76 81 71 66 83 76 71 79 74 77 76 78 76 71 76 70 78 73 74 71 73 77 68 74 76 71 79 72 78 
68 72 81 73 72 79 73 74 75 75 70 73 74 68 69 69 72 79 77 78 73 76 73 81 71 80 68 72 74 75 77 73 75 76 74 71 81 79 75 81 70 78 76 75 75 77 79 76 79 74 78 77 73 82 72 75 74 79 69 75 76 72 73 79 78 76 86 84 76 73 71 77 73 72 71 70 66 79 75 72 83 72 75 71 73 73 77 79 79 71 79 74 78 73 75 81 74 66 77 71 79 71 72 73 69 74 81 75 67 73 74 67 69 70 83 79 74 71 74 73 73 79 69 71 74 76 72 76 
84 73 77 76 78 81 73 75 67 80 79 78 73 71 79 74 77 79 76 82 75 73 75 77 69 76 69 75 70 72 70 74 75 68 77 74 81 74 74 83 75 74 80 79 71 75 82 74 69 78 72 71 72 66 78 74 66 75 74 71 72 72 72 78 71 76 72 80 75 85 79 78 72 79 76 77 72 72 72 76 76 71 82 73 69 75 67 81 80 69 69 75 72 65 72 79 80 72 79 70 72 69 78 75 79 72 75 71 72 70 83 67 69 81 75 67 74 74 70 71 69 78 76 72 72 76 75 78 
76 72 81 76 80 76 81 70 74 76 76 81 77 69 76 73 81 77 69 75 74 70 78 77 77 78 79 79 78 80 71 74 79 76 75 72 78 70 75 75 82 67 74 70 75 77 76 78 72 72 71 75 81 70 76 74 75 75 72 72 74 79 78 74 75 72 77 77 78 74 76 80 72 71 82 73 67 74 79 66 72 75 77 60 76 75 75 75 73 72 72 75 76 80 73 76 72 80 72 70 66 73 74 74 74 74 80 75 75 71 79 71 82 74 83 77 82 77 70 71 73 73 62 81 73 77 74 70 
