9 8 9 11 10 10 11 9 9 11 12 9 7 7 7 11 
10 10 9 9 6 8 8 12 9 7 11 8 9 9 9 9 
8 9 9 7 10 8 9 9 10 11 11 8 9 9 11 10 
9 10 7 9 9 11 11 11 9 10 10 7 7 7 10 9 
7 10 9 11 8 9 7 10 7 11 8 7 11 8 11 11 
9 9 10 9 10 10 9 8 10 9 8 8 12 10 9 11 
7 11 11 11 7 8 8 11 9 9 8 9 8 9 9 11 
9 9 10 10 12 9 7 10 7 9 9 10 7 9 8 9 
8 10 10 10 8 11 10 6 11 9 9 9 10 9 8 7 
9 7 8 9 12 9 11 7 9 8 9 10 8 12 9 10 
10 10 8 7 7 8 7 10 8 10 9 9 12 9 9 10 
11 9 9 11 9 10 6 9 9 9 10 6 9 11 9 9 
8 9 7 10 11 7 7 8 9 9 9 9 10 11 10 8 
10 9 9 10 10 8 7 7 11 8 9 10 9 7 9 9 
8 8 9 12 8 7 9 10 7 7 10 9 10 7 10 12 
11 10 9 8 9 10 10 10 10 9 8 10 6 11 8 7 
9 9 12 4 9 9 10 12 9 10 9 10 9 11 9 9 
11 10 10 10 7 8 10 10 11 8 7 8 9 9 10 10 
10 10 9 9 10 10 9 6 10 9 8 7 8 10 8 11 
9 10 10 8 9 9 7 8 10 9 9 10 10 10 7 12 
