94 96 90 90 103 93 93 97 97 100 92 88 101 100 96 94 102 89 89 90 92 93 93 98 92 90 93 91 87 96 96 93 88 91 100 95 92 95 93 93 85 90 90 97 94 93 94 96 87 100 94 90 92 87 92 84 99 101 88 91 100 101 87 98 94 95 98 88 94 93 86 97 87 91 96 92 97 94 96 92 91 88 95 85 91 95 102 97 89 87 97 99 92 97 95 88 93 96 95 89 89 94 95 92 92 93 90 89 91 95 90 92 94 91 91 94 93 91 98 93 95 90 88 99 93 95 89 102 95 99 100 86 82 95 97 101 86 89 95 93 90 95 87 84 87 93 93 92 93 89 86 101 95 92 92 91 95 95 103 94 
95 96 95 102 90 95 91 93 92 91 91 89 93 101 88 92 94 89 90 94 89 92 92 88 87 88 95 87 85 82 87 88 95 93 100 95 91 96 95 90 91 93 99 86 90 94 93 86 91 98 92 91 100 92 92 91 87 93 95 93 96 93 92 95 95 87 83 94 101 88 95 92 94 98 90 96 92 93 94 98 96 95 91 99 95 94 86 93 100 100 89 94 92 84 94 101 101 87 87 93 95 81 100 91 100 93 98 95 87 91 95 100 88 94 94 95 86 92 92 89 91 93 86 93 95 94 95 91 89 100 101 97 90 97 97 95 98 96 85 82 95 93 96 89 91 91 90 93 94 87 95 92 96 103 98 101 96 97 99 96 
85 89 102 96 91 101 93 96 96 94 89 98 98 100 94 89 89 92 90 93 94 92 96 93 95 96 91 93 89 97 96 93 104 97 89 95 93 90 99 95 112 91 88 92 93 105 104 88 93 95 88 93 89 91 97 93 104 95 83 100 96 98 94 84 99 91 97 91 86 88 100 98 97 90 99 91 92 93 88 89 92 98 92 95 98 88 87 96 92 88 96 92 88 96 84 93 88 98 95 89 92 92 95 96 101 85 98 95 92 99 87 90 96 88 92 98 90 91 96 97 98 92 87 98 92 94 90 93 85 100 96 96 95 93 93 84 87 80 93 105 92 83 91 100 86 95 105 104 94 92 94 87 84 101 96 93 94 83 94 96 
94 91 90 93 103 104 90 100 94 94 91 94 90 91 90 88 99 98 90 86 96 98 87 86 93 96 94 90 98 95 100 99 88 89 89 94 90 83 96 94 93 95 92 95 92 101 91 90 91 90 92 92 96 97 80 96 93 91 90 85 99 93 91 98 94 101 94 93 105 95 86 87 98 93 93 99 93 88 95 87 92 85 100 98 89 97 99 87 90 91 97 88 96 103 103 93 99 88 99 91 89 96 93 96 95 89 98 93 93 93 106 95 99 93 93 92 92 88 96 95 94 91 89 88 97 99 91 99 94 93 92 95 92 97 98 94 92 94 91 91 93 94 96 95 102 100 91 95 97 88 94 93 98 91 87 83 94 92 94 92 
87 84 95 95 90 86 92 93 92 91 89 96 93 100 94 96 86 96 99 98 99 92 87 101 95 100 99 100 94 89 89 92 95 94 95 101 90 93 95 90 93 96 89 88 95 95 92 93 92 86 95 92 96 86 83 100 98 88 99 91 93 95 97 90 91 98 95 86 87 96 94 105 91 86 95 94 97 90 87 92 86 96 93 97 94 99 95 97 88 88 91 90 100 97 97 91 100 90 99 84 92 92 87 97 98 98 96 88 89 91 90 88 91 93 95 91 99 99 99 101 97 95 98 100 94 93 89 95 93 100 102 82 95 98 89 99 97 99 91 95 89 96 98 89 97 104 98 96 93 94 95 93 91 100 88 94 88 99 96 97 
93 96 94 95 95 85 95 89 94 92 95 93 91 86 93 91 100 96 84 102 96 87 91 91 100 95 98 91 92 92 99 92 82 94 98 98 93 99 88 91 92 97 90 104 91 91 91 96 94 93 93 96 89 95 90 93 97 96 92 90 95 91 101 87 97 86 95 95 99 101 99 97 91 93 91 103 94 89 96 88 91 92 90 101 96 93 91 89 89 90 94 94 96 99 95 93 88 88 94 96 97 88 92 84 95 92 93 95 98 85 99 95 91 94 92 95 86 96 98 94 88 92 96 91 99 98 94 92 93 90 101 102 90 94 92 89 97 97 91 90 86 93 94 100 96 97 88 92 95 89 94 91 94 98 95 93 94 95 105 89 
92 94 94 93 88 100 92 92 98 87 95 97 89 96 98 96 97 94 82 104 99 95 91 94 90 90 91 87 94 96 91 92 91 85 95 96 95 91 90 90 92 86 100 84 98 98 90 98 89 99 89 92 92 91 87 93 92 91 98 91 90 93 97 91 94 98 95 96 95 97 92 94 92 91 90 96 99 91 86 87 97 90 96 93 91 100 97 91 92 91 90 104 95 94 97 96 93 100 96 96 94 95 91 86 86 87 105 86 89 96 96 90 94 102 100 95 89 93 94 90 91 95 95 92 95 95 92 98 95 95 98 106 97 87 96 85 93 93 86 93 98 98 99 95 91 84 98 104 101 99 94 93 100 95 99 86 96 92 94 95 
95 97 95 96 91 93 99 88 95 100 94 95 98 99 98 89 96 91 89 88 88 95 93 89 88 99 88 99 90 92 91 89 94 97 101 99 97 88 90 96 99 101 92 94 95 94 97 92 93 95 95 100 99 94 94 93 95 102 88 88 95 102 99 88 100 98 91 97 95 90 99 93 97 97 92 102 92 96 91 96 99 97 98 93 99 89 94 98 92 87 99 100 89 90 103 91 84 105 95 94 91 94 98 105 91 98 92 93 89 90 85 90 94 96 93 93 95 93 93 84 97 90 95 99 84 98 93 93 95 96 97 100 98 95 90 85 94 90 93 89 91 93 95 95 89 96 99 93 95 89 92 90 99 91 89 85 92 91 93 95 
97 88 108 93 95 98 101 101 87 96 101 93 92 100 93 92 99 88 94 93 95 88 92 93 98 103 95 95 92 91 90 96 88 93 94 99 96 89 94 91 93 98 92 89 92 85 91 91 92 95 100 101 94 102 98 96 93 96 99 94 91 94 96 92 95 93 96 83 98 97 97 97 93 92 96 91 94 94 89 99 95 87 95 87 92 93 93 103 90 87 95 93 90 100 99 94 93 84 89 92 98 97 94 97 92 92 92 99 94 88 101 100 99 100 91 94 93 92 90 94 97 102 87 96 90 92 91 89 88 100 89 94 99 92 85 97 100 97 92 92 94 95 86 90 97 87 98 92 97 96 101 95 86 100 86 102 89 90 90 94 
90 92 87 95 88 94 100 103 94 101 94 99 86 93 87 92 94 96 89 96 95 96 92 87 94 96 96 92 89 95 91 96 88 91 98 81 93 95 93 94 100 95 89 99 87 93 92 94 92 91 93 91 83 90 99 92 95 86 82 94 96 94 88 97 90 91 94 87 98 96 98 93 98 99 92 99 101 89 97 93 99 89 97 89 94 100 85 97 86 87 90 99 102 96 85 95 89 90 99 91 90 97 90 91 97 96 93 97 93 100 87 99 85 96 87 100 92 99 93 94 99 85 91 94 98 88 92 103 92 89 94 96 97 92 95 95 95 94 93 99 97 90 86 97 85 91 93 90 101 88 84 98 94 95 92 94 93 95 91 88 
89 95 93 95 91 98 96 91 95 94 96 97 92 90 93 95 90 104 101 93 99 95 94 94 88 103 91 99 99 98 99 98 95 98 94 105 94 90 90 94 87 93 93 96 96 91 92 103 100 89 95 100 93 99 89 87 88 87 88 98 93 95 100 96 91 102 96 93 91 86 97 90 97 93 91 94 90 89 93 97 98 93 98 96 95 90 96 90 97 97 87 90 101 91 96 90 100 96 88 95 91 93 95 100 100 94 95 96 100 94 98 84 100 89 86 93 89 96 90 87 94 86 99 93 95 91 90 91 89 92 90 93 90 91 98 96 86 94 99 91 93 91 97 98 96 91 91 87 90 91 93 90 90 98 95 90 86 99 92 98 
93 93 92 93 89 97 89 95 97 93 101 86 90 88 90 96 94 96 101 94 90 96 98 98 90 86 92 90 92 90 88 99 88 100 93 91 93 89 93 96 98 97 90 98 94 99 92 95 96 98 95 93 99 88 87 88 92 95 92 86 90 98 96 98 101 102 94 91 88 96 95 91 96 95 97 90 94 95 89 93 87 92 98 95 90 100 98 88 95 88 94 91 101 85 98 92 78 93 91 89 103 97 96 95 94 84 92 101 97 92 97 96 87 86 93 91 96 95 91 88 105 98 98 91 91 98 90 97 89 91 84 93 97 90 94 94 92 96 86 91 89 94 92 92 97 92 90 97 95 94 95 94 101 95 97 96 91 86 92 96 
93 91 88 98 101 101 86 99 90 94 96 96 90 96 90 89 91 88 105 94 97 89 93 95 88 94 95 95 88 89 95 86 98 89 92 89 92 93 98 84 97 96 98 92 90 93 88 93 94 84 95 94 86 92 96 90 95 88 104 93 96 105 97 93 95 97 101 96 94 93 90 93 94 93 97 93 89 88 90 95 88 95 98 93 92 84 97 97 95 88 91 98 95 93 97 98 90 91 93 98 92 91 99 96 96 98 94 96 87 97 94 96 94 97 86 87 92 98 96 89 83 97 96 90 93 97 94 96 101 92 82 89 96 97 87 91 95 92 100 95 95 93 100 87 88 94 90 103 93 90 92 88 98 99 77 90 93 91 95 95 
93 92 92 86 95 91 91 92 93 93 89 100 96 99 93 94 96 100 93 98 96 90 91 94 98 99 92 97 94 94 98 103 91 88 101 92 94 85 90 100 92 91 90 93 102 90 103 94 100 92 91 93 93 99 98 91 97 91 93 95 82 97 91 95 91 91 90 86 100 96 94 93 98 100 94 89 90 93 90 98 84 98 93 95 90 101 97 99 97 95 96 91 97 97 98 90 92 97 97 89 83 91 90 96 93 93 83 96 89 90 102 97 94 96 93 99 89 100 100 98 91 96 90 88 92 98 96 102 87 97 92 101 92 91 96 88 97 90 90 91 94 94 91 89 94 91 98 92 91 90 98 97 99 100 96 88 91 88 83 98 
94 97 93 88 94 91 100 96 100 89 95 93 98 96 84 102 100 95 99 94 93 99 95 91 92 91 93 92 94 98 96 97 91 93 94 96 95 100 88 99 89 94 88 94 96 89 97 88 101 93 94 89 92 94 84 98 98 91 96 94 87 89 86 92 90 90 85 91 98 94 95 90 96 102 96 89 91 85 100 94 94 93 99 90 92 94 100 95 97 93 87 92 93 94 85 96 93 98 94 97 91 96 89 88 95 93 86 88 87 92 93 93 88 91 102 93 91 95 93 91 98 90 91 94 94 100 98 93 98 90 97 90 91 93 99 93 103 97 95 92 91 96 98 97 83 89 98 96 90 93 98 101 93 87 87 91 97 90 92 105 
91 93 95 90 90 88 86 88 100 87 89 91 97 99 95 91 100 90 93 91 90 96 91 90 95 95 97 98 87 93 96 97 91 93 91 88 92 92 100 100 94 94 94 92 89 96 89 88 90 99 87 93 97 97 98 85 91 91 88 92 89 91 93 98 95 90 92 91 94 90 95 99 91 90 91 89 87 96 99 98 94 90 92 86 93 92 95 94 96 90 92 100 91 91 92 91 91 88 96 93 90 86 99 89 95 94 93 97 91 96 94 92 89 96 94 85 97 88 91 88 92 89 102 97 89 96 96 98 101 92 93 90 101 90 95 97 94 95 100 100 95 101 96 90 89 102 85 94 94 98 99 93 93 91 87 97 89 88 95 92 
100 93 101 94 94 98 99 85 97 96 90 92 89 95 95 99 100 93 90 93 92 97 93 93 94 91 91 90 98 89 97 101 88 89 90 89 85 94 96 97 93 99 94 98 90 93 94 92 96 97 94 95 95 94 90 93 93 98 91 85 91 95 99 88 87 93 88 98 96 90 86 93 93 93 87 86 97 94 98 92 89 99 91 90 93 91 90 99 93 90 88 90 95 100 86 97 88 99 102 86 95 89 91 93 92 93 91 95 98 101 90 89 84 98 95 96 101 89 99 88 97 82 90 90 99 87 92 96 102 90 99 93 98 99 94 93 89 98 95 88 94 86 87 94 97 87 99 87 99 91 88 92 91 102 93 91 93 88 98 87 
94 93 91 96 97 93 96 98 89 81 97 92 95 89 95 92 98 84 96 91 91 95 91 88 95 93 90 88 95 100 92 87 95 93 88 92 96 97 98 94 94 89 93 92 97 93 92 99 96 96 97 96 102 90 95 95 94 96 94 96 94 90 98 89 102 89 85 90 88 91 97 87 93 95 91 96 99 93 95 91 91 99 93 92 94 89 93 87 86 97 86 93 100 90 96 93 94 99 92 94 84 97 88 98 95 89 95 92 92 85 94 91 88 96 89 90 97 94 94 90 89 92 99 98 94 92 98 98 93 90 91 87 96 93 92 89 90 93 93 96 93 87 90 92 95 97 92 89 94 93 92 91 88 90 97 94 89 92 99 96 
90 92 95 92 96 98 94 86 89 93 91 102 97 99 86 85 98 92 97 95 92 97 93 94 86 93 94 92 91 87 91 97 94 90 93 98 96 91 99 98 94 95 84 96 94 96 92 96 86 90 94 95 94 90 98 96 89 92 91 100 94 103 86 93 95 96 91 100 92 99 89 97 90 90 90 93 88 105 93 97 88 94 84 93 99 92 91 93 97 97 97 92 97 96 92 89 99 90 95 91 93 92 89 92 96 94 91 99 88 89 99 92 94 95 97 99 96 92 99 94 96 94 99 91 90 89 97 92 98 100 91 94 93 95 87 93 97 92 91 96 93 98 93 92 92 99 94 90 93 94 94 96 100 86 95 102 89 98 97 92 
93 93 93 99 90 87 96 98 87 99 85 94 91 99 90 88 97 93 88 95 98 94 91 100 96 91 93 101 93 92 99 96 89 97 102 99 88 103 95 89 94 99 87 94 98 85 99 94 87 95 95 97 96 91 102 90 90 93 93 89 88 93 96 89 87 87 97 94 97 93 109 84 94 92 97 91 94 88 92 93 92 90 91 90 89 93 88 93 90 92 88 93 97 93 100 95 93 97 86 101 95 92 94 94 88 90 89 95 92 97 97 86 88 93 95 93 94 96 79 89 92 97 95 92 98 93 93 90 92 95 89 86 90 95 84 87 98 93 96 93 88 96 92 93 83 92 94 93 97 98 99 97 92 92 92 96 84 101 90 91 
