14 11 11 13 13 14 13 15 15 15 16 13 13 15 15 16 13 15 14 12 15 14 13 14 
12 13 12 12 14 12 16 13 15 14 14 14 13 17 15 16 16 13 15 15 13 13 14 14 
14 14 14 13 14 14 16 15 15 14 13 14 12 13 15 14 15 16 14 13 15 15 15 17 
16 15 13 15 12 12 14 14 10 14 14 13 14 13 15 13 12 16 13 12 13 12 15 14 
11 15 11 12 15 15 14 14 12 14 12 14 13 13 14 15 16 16 12 12 14 15 13 13 
13 15 18 13 11 19 11 15 13 15 12 18 13 14 14 15 13 11 11 15 13 12 14 13 
11 13 9 14 15 15 14 13 10 16 14 13 14 15 15 13 16 12 11 14 13 16 13 14 
12 15 13 17 15 16 17 15 16 18 14 13 12 17 14 13 16 15 14 15 15 16 15 14 
14 13 17 16 13 14 12 14 12 11 14 15 12 15 16 15 14 11 12 10 12 14 15 15 
11 15 13 13 16 9 15 15 15 13 10 13 13 16 12 13 16 15 12 13 13 12 14 16 
13 15 15 16 16 13 16 14 13 18 16 14 12 12 16 12 13 13 15 13 14 16 13 8 
16 12 15 11 15 16 16 12 15 13 15 13 12 15 15 14 13 13 14 16 11 14 15 15 
14 12 18 12 16 16 13 13 12 14 13 15 11 13 13 16 15 14 12 13 13 13 13 17 
12 15 16 13 14 14 16 13 18 12 17 17 16 16 13 13 11 15 13 16 15 13 15 17 
14 13 15 14 12 13 11 16 15 12 14 16 12 11 15 14 13 12 14 13 14 10 16 16 
14 14 15 13 11 13 15 14 15 15 13 13 10 11 13 14 11 14 15 14 12 14 13 15 
13 16 13 11 11 12 15 11 18 14 14 11 12 15 15 14 16 14 12 11 15 14 13 14 
13 13 15 11 15 19 12 15 15 13 17 14 14 14 14 16 15 11 15 12 13 13 13 14 
13 14 15 14 12 13 13 12 14 13 15 14 16 13 16 16 10 16 12 13 17 15 14 15 
15 13 19 14 13 16 14 12 13 13 14 14 13 13 16 15 14 12 15 12 13 16 13 13 
