19 18 17 18 18 20 15 20 18 22 20 18 22 17 23 18 14 17 20 18 20 15 18 18 16 18 20 15 16 19 16 20 
17 15 18 17 20 17 20 19 19 17 19 20 18 19 15 18 19 18 19 17 20 16 19 18 19 20 21 20 19 18 19 14 
19 21 20 22 20 20 18 18 17 21 21 17 17 21 22 18 17 21 19 20 17 18 21 13 22 17 18 18 18 20 19 19 
15 19 19 16 17 18 21 21 21 17 18 18 18 17 19 18 18 18 17 22 20 20 18 20 21 17 17 21 16 17 17 20 
19 20 19 20 17 20 20 23 19 20 18 18 16 18 23 21 18 17 21 21 17 16 16 20 18 17 18 19 20 21 19 21 
19 20 19 15 21 16 22 19 19 13 18 19 19 20 15 14 17 17 21 17 17 20 22 17 16 19 18 21 17 22 22 15 
23 20 17 16 14 19 21 19 21 21 20 16 19 19 17 18 19 19 22 18 21 20 19 17 21 20 19 17 19 16 19 20 
18 15 20 18 20 17 18 19 18 20 19 20 18 21 14 17 22 20 18 17 19 19 18 20 20 17 20 18 18 17 13 21 
20 17 18 23 19 20 18 15 19 16 19 21 21 20 16 18 19 15 19 17 18 18 18 17 18 20 20 20 17 20 17 21 
18 18 18 17 19 18 20 19 16 17 20 18 18 21 14 17 17 17 17 17 17 16 18 22 17 18 19 18 19 17 19 18 
19 17 18 16 18 18 18 14 21 20 17 18 20 16 20 18 17 18 17 18 17 18 20 20 18 19 20 15 18 18 19 20 
17 20 19 19 21 18 15 18 16 18 17 18 18 18 15 19 18 18 18 14 17 20 20 19 19 19 20 20 15 19 20 18 
19 19 20 19 19 20 16 20 18 19 18 17 18 19 20 22 17 17 21 19 19 21 19 16 17 15 20 21 19 20 21 22 
18 18 21 18 19 23 12 20 21 16 18 15 15 19 19 19 19 16 19 16 16 18 22 19 16 20 20 18 19 21 20 20 
17 22 16 17 17 20 19 22 20 20 17 17 20 23 15 16 20 18 16 16 19 19 18 16 20 18 20 21 19 19 18 19 
20 21 17 19 19 19 17 16 16 16 21 18 19 21 22 21 19 21 18 17 20 19 20 20 18 17 20 18 21 18 21 17 
18 17 16 19 15 17 19 19 15 21 18 18 19 20 19 18 21 18 15 19 18 19 18 20 20 17 20 19 17 17 16 19 
18 18 18 18 14 18 17 20 23 18 22 22 16 15 21 16 18 17 20 19 18 17 16 18 17 21 17 22 19 17 17 19 
18 17 20 21 21 17 18 18 20 19 20 17 17 18 17 18 16 18 17 18 18 15 21 19 20 20 20 17 20 17 16 21 
19 21 21 21 19 21 14 17 16 19 22 20 17 13 19 17 19 17 23 19 18 18 19 18 20 18 16 18 20 18 17 15 
