33 29 27 30 28 27 26 29 24 27 27 30 25 29 30 28 29 32 25 27 24 29 27 27 27 29 26 27 27 34 29 30 27 29 24 26 28 26 27 31 31 25 27 26 27 28 26 31 
27 26 27 30 32 28 24 29 27 30 28 27 30 28 30 28 29 25 26 32 29 28 25 27 26 33 28 26 29 26 25 25 26 27 30 31 26 28 26 32 28 24 26 26 30 31 29 31 
31 25 26 28 31 28 28 26 23 27 31 27 27 32 30 29 24 28 29 28 28 27 29 28 29 26 29 26 28 29 33 28 27 30 26 31 28 23 23 24 27 23 26 26 27 29 31 26 
28 28 26 27 28 29 29 23 27 27 27 28 33 29 24 33 26 28 28 27 24 26 25 29 25 25 28 32 24 27 30 25 30 29 32 33 27 28 30 28 32 30 27 27 26 28 31 31 
26 25 26 26 27 27 22 28 29 28 33 28 29 25 25 27 24 27 25 26 29 30 28 27 28 28 24 28 29 28 29 32 29 30 28 29 25 25 29 32 29 33 27 33 24 31 28 30 
28 34 28 31 30 27 29 27 32 31 26 26 24 31 30 30 29 27 23 26 25 26 31 27 32 29 29 24 30 28 26 30 25 27 32 28 26 28 30 28 31 28 29 26 25 29 30 25 
29 35 29 30 28 23 29 27 30 23 27 26 25 28 30 31 26 27 31 27 26 31 29 26 30 28 28 32 26 29 29 28 28 30 29 32 28 31 29 24 26 21 25 30 27 28 27 28 
23 29 28 27 30 26 32 27 25 25 30 28 26 27 26 29 28 29 28 28 25 30 27 28 29 28 30 29 30 29 24 26 28 26 31 30 27 31 28 29 26 33 25 29 30 29 32 31 
29 26 29 29 28 30 23 27 29 26 30 27 29 28 34 33 26 30 27 24 28 31 29 22 28 30 32 28 26 29 27 24 27 25 30 26 25 32 29 27 28 27 31 32 21 29 27 29 
30 28 26 28 25 32 29 26 25 29 25 30 27 25 28 27 26 29 28 30 29 25 27 29 27 28 25 25 23 29 26 29 26 29 29 31 31 25 27 30 33 28 29 28 26 26 24 31 
27 23 26 29 29 25 26 24 25 27 24 25 28 27 25 30 31 26 25 23 28 28 26 32 25 27 29 29 29 30 27 30 29 31 31 29 26 29 28 27 29 31 25 25 28 29 25 28 
28 27 27 25 33 26 27 31 31 30 27 29 30 27 28 28 28 28 28 29 28 30 28 28 29 27 24 28 28 30 27 28 29 27 30 30 29 27 27 28 25 31 34 28 25 29 27 25 
25 29 29 26 27 31 29 30 26 27 28 28 30 31 28 32 31 28 27 30 31 26 26 29 31 29 30 29 27 32 29 25 27 25 26 33 27 32 31 28 29 25 26 27 30 28 28 29 
29 29 29 33 28 24 31 26 31 26 29 31 27 27 28 25 28 27 22 27 26 28 33 24 30 26 24 28 29 30 26 32 27 29 27 26 27 29 25 26 27 33 28 27 29 22 26 31 
30 31 28 30 30 31 29 27 25 24 29 27 30 26 29 26 31 32 32 30 27 29 24 25 29 28 31 29 29 26 31 27 30 30 27 30 28 28 30 26 30 31 31 28 31 27 27 27 
26 27 23 24 29 23 30 26 29 25 27 30 32 29 27 29 26 24 26 27 31 33 29 26 23 26 30 27 30 22 32 28 26 29 28 27 24 29 27 29 33 29 28 26 30 27 29 25 
30 30 30 26 27 34 29 28 27 29 29 30 29 33 25 30 25 35 30 24 28 29 29 26 26 26 29 24 24 29 28 31 26 23 29 27 29 29 23 32 29 25 27 26 28 29 28 30 
27 28 29 30 30 29 28 29 31 27 28 28 28 30 26 29 28 25 24 28 26 28 30 25 28 28 31 25 29 30 24 34 25 30 28 30 30 32 22 28 27 25 30 32 32 30 29 29 
29 27 29 32 26 30 28 29 22 27 32 31 26 28 29 30 33 28 23 31 26 25 30 29 30 24 28 25 28 29 33 30 25 32 27 30 30 29 29 27 26 28 31 28 29 31 25 28 
26 28 23 26 27 26 32 27 25 27 28 22 26 33 27 29 30 27 28 25 30 24 28 30 29 26 30 32 30 24 31 29 28 25 28 26 33 31 27 23 29 27 24 25 32 26 33 26 
