34 38 39 34 36 37 42 40 41 34 34 35 40 35 35 38 39 39 37 39 37 38 37 43 36 42 35 39 40 37 36 38 34 34 40 36 38 40 37 37 34 39 38 37 32 31 35 33 33 38 38 40 39 42 36 36 37 34 38 34 35 35 40 40 
39 38 39 38 39 34 37 36 37 37 36 38 37 34 37 33 36 35 35 38 33 38 31 37 38 35 36 39 37 29 41 36 37 40 42 34 38 36 32 35 42 40 38 38 40 39 42 37 39 32 37 36 33 37 42 41 32 36 41 35 35 38 39 37 
37 34 37 27 36 34 37 31 38 40 37 36 38 36 38 36 33 42 38 38 39 39 33 38 37 37 37 33 33 39 36 36 38 44 39 41 41 39 41 38 41 37 39 35 37 34 40 41 40 36 39 40 37 39 35 43 43 38 37 37 38 39 41 37 
34 36 40 40 41 39 35 35 35 39 36 36 38 31 37 36 40 34 41 36 37 40 40 38 38 36 40 38 38 41 35 35 37 35 36 29 37 40 38 33 36 39 36 31 35 28 39 37 39 35 35 39 38 37 38 39 39 37 38 35 38 39 43 38 
37 37 36 39 40 36 35 38 39 39 34 35 38 35 37 38 36 38 37 38 37 35 40 41 39 37 31 39 38 33 30 38 36 38 37 38 34 36 38 40 32 37 34 38 35 40 33 34 34 37 35 40 40 37 34 36 36 36 34 39 35 35 37 40 
38 39 40 42 37 36 36 39 40 41 33 38 37 37 38 41 33 38 41 39 40 34 36 40 37 36 36 37 38 40 40 35 36 38 37 37 37 34 42 33 36 40 40 37 40 39 36 37 38 31 39 38 33 41 34 30 42 36 36 37 40 39 35 40 
37 43 37 41 37 38 40 36 34 35 37 34 35 32 37 32 37 34 37 39 35 40 40 41 37 36 42 39 41 38 35 38 38 37 38 41 40 37 32 38 36 37 38 37 34 37 37 37 38 41 40 37 38 40 41 36 38 37 38 34 38 39 38 36 
38 35 36 40 37 34 40 41 36 37 41 44 40 39 37 38 35 36 37 37 38 38 36 42 37 36 39 38 31 35 37 33 33 35 43 37 33 39 40 32 40 38 37 40 37 35 36 37 35 36 40 37 34 37 38 43 39 38 37 36 35 37 41 32 
38 35 39 36 40 38 35 39 35 39 35 36 36 39 41 40 39 44 36 42 36 38 39 35 39 38 41 37 41 42 35 39 36 36 32 36 42 35 32 33 39 33 38 32 41 39 39 38 35 38 36 41 42 38 34 41 36 37 32 38 35 39 40 39 
37 40 41 39 36 39 40 40 37 32 38 38 33 40 36 34 31 41 38 40 40 40 38 37 37 40 32 40 38 39 36 38 39 34 36 33 38 36 38 42 35 44 40 39 39 37 37 37 37 34 34 37 39 40 38 39 40 40 32 36 38 34 36 38 
37 36 37 32 39 37 37 35 30 40 40 41 41 37 42 32 36 38 31 28 36 37 38 37 34 35 35 38 34 38 35 40 37 36 42 41 41 32 41 38 35 38 38 34 40 34 39 41 43 41 31 37 42 35 40 38 39 36 41 39 35 41 33 36 
37 37 33 42 41 35 40 39 41 38 38 37 37 41 40 37 41 42 43 38 35 37 38 34 39 39 35 39 37 43 34 37 37 39 44 38 38 38 36 41 38 41 36 35 35 33 41 39 41 29 37 35 39 37 37 33 38 38 40 41 33 37 36 42 
35 38 29 29 44 30 34 40 47 36 39 41 37 36 39 40 39 34 40 39 38 39 33 33 37 38 40 36 41 38 42 37 31 26 40 39 40 36 37 41 37 34 32 37 39 37 37 30 42 35 36 42 37 37 35 34 40 38 36 38 40 42 31 41 
39 35 38 39 35 37 35 36 33 38 37 40 40 39 38 35 33 38 37 36 34 39 38 33 39 38 40 35 39 41 35 37 35 38 32 41 44 33 37 40 41 36 36 36 37 38 38 36 29 41 38 38 38 33 35 41 36 40 35 37 36 39 34 39 
38 36 38 35 35 37 37 34 43 35 36 35 38 35 37 35 35 38 35 33 35 37 34 41 34 37 40 40 40 35 41 38 36 36 36 39 37 33 39 31 36 38 37 39 40 39 35 34 41 35 32 32 36 39 39 34 38 39 36 39 35 40 35 37 
32 41 42 39 37 36 36 37 40 38 39 35 34 34 35 35 36 33 36 35 38 35 36 38 37 33 35 38 38 38 38 34 43 40 37 34 39 38 36 37 39 34 37 37 38 37 36 39 35 37 36 38 35 36 41 35 37 37 38 34 32 37 34 36 
42 33 37 38 38 41 36 38 39 38 35 37 40 35 35 38 39 42 28 36 38 40 42 38 32 37 33 35 38 36 41 37 37 34 38 35 32 38 40 36 33 39 38 36 36 40 35 39 36 41 34 36 32 32 37 37 39 39 37 35 37 41 39 41 
38 37 32 35 40 38 35 35 33 37 39 37 39 38 42 35 40 34 38 35 41 37 34 38 36 38 33 41 40 44 37 35 33 38 37 34 39 37 34 39 41 38 38 37 40 36 38 39 39 40 34 36 36 38 35 37 39 40 39 35 35 38 37 39 
38 37 41 38 35 34 36 38 33 40 38 36 35 34 37 39 37 37 38 33 41 36 43 37 37 41 40 40 39 33 35 39 39 36 41 40 38 36 36 41 40 36 37 38 38 41 33 35 40 39 38 37 34 36 36 37 39 35 34 36 37 40 39 33 
43 37 38 34 34 37 37 38 39 38 34 41 39 40 33 37 36 38 40 36 41 41 41 37 43 39 42 39 36 38 40 45 37 37 32 35 36 36 38 37 36 37 31 35 38 39 39 34 41 35 38 35 39 37 39 38 37 36 35 33 39 42 38 35 
