39 45 46 49 47 51 48 50 45 46 53 45 50 44 45 47 46 45 50 44 51 43 43 51 42 47 47 52 42 43 50 49 46 46 49 49 49 50 46 48 41 50 51 49 49 48 49 48 47 48 48 48 45 52 47 38 43 40 45 49 45 40 48 44 43 49 46 41 48 48 48 40 47 49 52 46 47 47 48 49 
44 40 52 46 46 47 48 43 43 48 45 39 44 45 49 45 50 47 48 51 54 44 47 50 41 47 46 46 42 43 41 45 46 43 45 48 51 53 45 45 48 45 48 42 42 49 44 46 45 45 41 49 50 47 45 48 45 48 51 45 43 45 46 44 50 43 42 46 48 47 47 49 42 49 47 43 48 47 47 47 
45 49 49 48 44 42 46 46 41 50 43 41 44 49 42 48 41 47 52 44 46 46 49 49 51 47 49 49 46 40 50 44 42 53 49 48 41 47 40 44 45 49 48 46 48 48 48 48 47 43 43 44 46 46 43 41 51 46 44 38 50 48 47 56 49 47 53 48 46 50 46 45 44 47 45 45 47 46 43 46 
43 44 51 43 46 47 48 47 46 46 43 47 46 44 43 47 47 49 46 52 47 51 47 48 46 52 46 49 44 45 54 41 50 46 46 46 51 42 47 53 48 45 42 46 43 53 45 46 44 48 47 46 42 48 47 48 46 48 50 51 52 46 46 47 44 43 47 47 50 45 51 49 45 51 49 48 51 47 49 46 
48 44 43 47 45 49 42 45 50 46 47 50 52 45 44 47 40 52 48 45 43 48 43 46 48 46 51 46 52 50 48 45 42 54 41 46 41 45 43 47 48 47 47 45 44 43 43 44 40 51 45 49 49 41 45 46 44 50 52 46 45 42 44 44 45 45 43 50 43 51 45 47 43 45 45 48 48 45 47 45 
47 47 45 42 48 46 44 45 49 50 50 43 49 44 44 43 51 42 44 49 47 50 45 46 47 51 49 48 46 52 44 51 51 45 41 43 50 52 54 48 45 52 43 47 48 47 49 46 45 50 44 48 48 40 51 46 48 46 49 48 46 45 46 49 45 47 45 46 45 45 46 45 48 47 49 52 48 41 48 50 
47 49 46 50 49 39 47 50 51 45 50 46 49 45 42 51 47 46 50 47 50 46 46 46 49 47 51 44 41 47 50 50 49 45 48 42 48 45 47 47 41 45 48 46 40 48 52 44 50 50 48 47 46 45 44 44 48 48 42 44 48 46 42 49 47 51 53 40 42 54 49 40 49 38 44 48 44 42 50 50 
45 44 44 45 40 43 48 45 45 50 52 52 42 48 40 44 48 43 48 42 43 48 52 46 42 46 40 47 45 44 46 50 52 50 49 50 48 47 50 48 48 43 46 40 43 46 43 46 39 49 43 44 46 45 46 39 46 43 47 52 45 49 47 44 44 42 51 40 43 42 42 46 44 46 52 50 45 44 46 44 
44 46 46 52 44 42 40 48 43 44 46 47 42 47 48 45 45 52 43 52 39 46 44 50 51 44 50 46 44 50 47 42 48 47 46 45 47 47 47 42 47 48 48 48 43 43 48 51 39 50 48 50 45 41 47 47 44 43 51 47 50 49 48 49 46 45 53 41 48 46 49 44 47 49 51 38 50 44 39 48 
51 48 44 50 44 48 52 50 41 45 44 52 46 41 48 43 43 58 43 48 42 46 48 41 41 43 47 48 45 47 40 47 46 48 44 47 51 44 45 42 44 47 42 48 54 46 46 49 44 45 46 45 44 51 49 44 51 46 48 48 44 48 47 51 45 43 53 45 47 44 45 47 45 51 48 51 45 45 47 40 
49 47 47 44 40 50 52 47 46 52 48 52 51 46 53 49 48 42 49 48 46 52 44 48 45 47 42 48 48 41 48 49 46 46 47 47 47 48 49 44 47 49 51 47 54 49 47 40 46 48 43 49 46 47 46 44 44 47 47 48 45 46 46 46 48 54 40 45 41 40 49 47 47 53 47 42 46 45 43 48 
46 46 47 45 49 40 39 48 48 48 46 53 46 37 47 49 42 53 43 47 44 51 45 43 47 47 47 44 50 43 49 43 46 49 48 49 48 41 49 47 42 42 43 49 55 44 46 48 45 47 48 44 44 41 54 41 49 47 50 47 45 48 48 48 51 43 49 48 49 48 44 49 44 48 53 43 46 42 46 37 
45 50 50 50 49 48 52 42 46 44 46 39 51 47 51 43 39 50 47 48 44 45 42 47 44 42 48 49 40 48 47 44 44 50 49 44 49 53 50 47 46 48 39 50 41 48 45 46 48 43 43 44 47 46 43 50 46 47 48 43 42 48 47 46 48 48 48 48 48 46 46 46 48 47 46 44 42 45 47 49 
42 49 48 43 46 45 45 45 51 48 41 48 51 52 49 38 54 40 49 49 48 44 49 47 46 44 46 49 44 41 42 48 46 48 46 52 44 47 45 52 50 42 45 50 46 51 46 53 50 46 53 45 42 52 43 50 47 49 48 45 43 46 53 42 45 45 49 50 54 45 45 44 47 41 47 47 45 44 43 48 
51 49 45 47 50 45 48 48 45 46 46 43 45 43 47 47 46 41 44 48 44 45 47 50 51 47 41 44 42 44 44 52 52 45 44 47 48 50 49 44 45 43 46 44 45 40 44 48 45 50 47 50 48 42 50 52 50 51 48 44 46 49 46 45 48 51 48 44 43 48 47 49 45 46 48 42 50 46 49 43 
50 44 50 45 40 39 45 48 43 47 41 52 50 45 46 44 46 43 46 45 46 42 47 52 45 49 48 45 44 49 50 48 44 45 40 47 41 52 53 46 46 47 44 49 54 48 46 43 43 45 50 45 41 48 51 47 46 48 44 46 41 41 45 46 48 41 50 50 46 46 43 43 46 47 49 45 45 52 49 46 
46 54 45 49 47 42 51 45 49 47 46 44 49 43 47 47 50 46 51 50 48 42 45 41 47 43 48 44 44 42 48 46 48 46 48 48 51 49 46 42 46 42 47 42 47 42 46 45 47 51 43 42 48 52 49 44 46 49 45 44 47 46 40 51 51 42 47 44 54 47 45 48 42 51 49 46 45 46 48 53 
45 52 43 44 50 45 52 45 44 50 49 48 47 47 43 41 47 49 43 46 43 44 45 45 52 46 48 47 43 43 53 45 45 48 46 42 43 51 47 39 46 46 51 52 42 44 47 47 45 48 44 49 44 50 49 44 50 49 45 48 41 45 49 50 48 47 47 42 50 41 46 50 47 44 42 47 44 42 45 50 
47 46 51 47 47 42 43 48 46 48 55 45 49 48 52 40 46 45 46 46 46 48 44 45 46 48 49 46 49 46 47 46 47 45 43 43 44 47 46 53 51 45 45 44 50 46 53 46 45 42 45 48 53 43 50 42 48 47 52 46 49 44 48 44 44 44 43 45 51 49 43 47 49 49 48 52 49 47 40 44 
46 42 44 50 54 49 43 48 49 47 47 50 44 48 46 51 46 47 50 50 47 47 46 46 43 44 44 47 48 38 47 49 46 44 52 45 44 43 51 45 49 46 51 43 47 43 49 44 50 45 55 45 51 49 46 50 44 51 45 45 48 46 46 43 49 50 50 47 50 41 46 45 46 42 49 51 42 46 48 49 
