56 59 55 56 63 58 52 61 56 56 60 50 56 61 55 58 55 53 60 58 60 55 59 50 50 49 57 63 59 55 54 53 58 57 54 54 63 55 53 51 58 54 53 52 53 51 59 59 57 59 63 52 58 52 54 51 60 57 54 60 56 60 59 60 55 61 56 59 57 57 60 58 53 52 53 60 58 58 54 50 63 58 59 63 59 60 54 58 56 57 55 53 60 53 52 55 
53 61 56 53 56 56 58 58 55 60 54 58 54 57 54 58 53 51 62 52 56 56 60 57 55 47 58 58 56 56 54 52 50 51 53 56 56 56 55 53 55 56 55 58 57 60 57 59 52 54 54 54 58 57 56 54 58 60 62 53 47 58 57 52 59 58 57 57 53 59 55 52 49 53 57 54 63 53 57 57 56 57 57 55 60 55 57 59 56 59 58 61 54 60 51 52 
55 56 53 51 63 57 55 53 54 52 51 59 54 58 59 52 56 55 57 55 52 54 54 52 56 54 53 54 57 50 55 52 54 52 54 55 58 54 55 57 53 57 53 57 56 61 55 59 56 57 57 60 56 52 60 51 54 58 55 53 55 46 54 56 53 58 53 56 55 57 57 60 56 57 56 58 51 62 51 52 57 61 59 59 56 59 55 52 54 44 60 58 57 55 56 54 
56 54 51 58 55 55 57 54 58 54 58 59 50 54 57 60 59 56 60 61 56 56 57 57 56 58 61 59 55 60 55 62 59 53 63 51 58 54 55 56 62 58 51 54 63 58 54 59 48 58 61 55 57 56 57 59 56 59 56 60 59 56 61 57 55 51 57 51 57 59 56 50 54 60 54 55 59 58 56 59 51 50 52 58 58 52 63 53 58 47 53 55 56 53 53 61 
59 56 53 56 52 52 59 52 60 55 46 59 57 54 62 54 62 54 58 57 60 50 59 56 53 55 58 58 54 55 60 55 60 57 50 56 59 56 54 54 51 56 58 46 63 48 55 50 55 51 59 56 55 60 55 61 58 55 57 56 57 55 57 56 55 51 64 57 58 58 50 53 52 55 60 54 54 52 53 58 53 46 58 54 52 61 56 57 56 54 54 51 58 47 56 63 
56 60 55 60 56 52 54 56 62 58 53 56 55 57 55 56 56 56 55 57 58 53 54 57 50 54 52 52 54 56 63 56 60 57 57 62 57 52 63 61 55 57 52 57 56 54 58 58 50 56 58 55 58 62 57 57 62 55 54 54 51 54 55 51 57 58 58 64 63 58 63 53 55 60 56 58 52 54 61 58 56 62 61 52 50 58 55 58 62 53 55 60 54 50 54 58 
55 59 57 60 49 58 55 56 49 55 50 54 55 58 54 57 55 53 53 53 54 50 53 55 52 53 53 58 54 52 58 63 53 57 59 62 60 58 57 58 61 61 56 58 50 59 52 51 56 50 54 49 59 56 56 60 50 62 52 57 55 62 57 58 54 52 60 48 51 55 53 57 55 60 53 57 49 55 59 54 57 52 50 59 50 51 56 51 53 52 59 64 55 54 54 54 
57 54 51 50 58 55 54 54 56 55 55 63 55 53 53 53 54 62 60 56 63 61 57 57 56 58 50 52 55 57 56 52 59 57 52 57 52 59 55 56 57 59 60 45 56 58 59 55 57 53 54 55 55 57 60 57 52 58 52 62 56 52 55 55 60 58 58 59 59 55 57 56 65 56 55 55 54 53 54 54 56 57 52 56 51 60 60 52 56 58 57 58 57 54 55 54 
55 53 58 59 62 62 57 55 52 56 53 52 63 48 59 56 58 59 57 53 53 54 57 57 58 57 64 57 56 54 54 57 57 58 56 59 57 57 55 57 56 51 58 55 52 61 62 57 58 57 53 61 62 54 58 57 58 52 53 55 56 57 59 56 58 59 54 55 55 53 62 54 54 55 48 60 61 52 51 53 56 54 56 59 59 61 63 56 57 57 54 52 51 54 56 56 
52 58 61 55 52 61 53 56 59 52 60 53 55 54 66 51 58 57 60 59 60 56 53 54 58 55 55 51 60 55 53 58 53 56 55 62 55 61 56 55 54 52 58 54 57 54 57 56 59 53 54 55 57 58 59 53 59 57 54 59 59 45 60 57 54 56 55 60 55 56 52 57 59 58 57 56 54 62 56 54 58 64 58 49 57 54 52 59 57 56 58 58 58 58 59 59 
62 52 58 55 53 57 59 61 54 55 49 60 58 55 51 54 61 54 52 60 61 62 54 53 52 60 55 56 59 61 60 56 59 58 55 54 58 60 54 50 53 53 56 56 54 65 55 57 59 55 55 52 59 51 57 58 55 54 57 59 57 54 57 60 59 53 57 55 52 53 60 56 62 55 56 57 59 60 51 56 56 60 47 58 49 57 54 61 52 60 51 51 61 65 57 61 
62 57 58 54 59 56 57 56 55 61 60 55 52 64 56 56 58 58 62 59 59 61 53 60 62 54 58 51 57 52 55 55 55 57 54 60 58 59 53 55 49 55 56 57 58 56 52 60 54 58 56 49 57 48 55 53 58 52 61 64 58 56 59 60 59 60 56 54 57 55 56 53 58 61 59 57 58 51 61 56 59 56 57 52 55 54 63 55 61 58 56 55 59 59 52 56 
52 54 59 59 57 60 54 49 58 51 57 57 62 53 50 49 51 54 57 54 53 61 57 55 64 57 52 62 57 54 58 56 56 56 54 57 57 60 57 57 59 56 57 58 58 57 56 53 54 52 55 52 57 55 60 58 53 59 61 57 56 54 54 46 52 58 53 56 57 54 55 57 58 53 59 56 55 56 49 52 47 59 58 59 56 52 62 52 59 57 58 59 56 52 58 55 
54 57 51 57 57 60 51 57 61 59 56 57 55 58 56 57 54 52 53 56 59 52 54 54 53 50 52 55 60 55 58 63 53 51 57 50 52 54 56 56 54 57 56 55 56 62 52 54 48 57 53 61 55 50 58 51 54 61 57 58 56 48 55 55 56 56 56 56 56 57 55 56 53 59 55 60 52 57 46 56 51 58 58 52 57 55 51 56 58 57 60 56 56 47 56 53 
51 55 58 60 53 58 56 57 54 49 55 55 59 59 53 56 53 54 56 57 56 58 58 57 59 58 58 56 57 58 54 61 56 58 51 57 53 57 57 58 62 59 60 48 54 57 58 56 56 55 53 62 57 61 56 56 53 51 53 55 59 60 55 51 56 61 56 52 52 57 51 54 53 60 61 56 56 62 59 57 60 58 53 53 58 54 56 54 57 60 59 60 55 59 56 63 
59 59 54 54 50 61 59 58 53 58 56 60 52 57 51 51 53 60 51 60 48 57 57 59 53 59 56 59 56 58 63 63 53 56 57 60 56 60 54 60 60 49 60 64 59 56 57 53 54 53 55 56 59 53 55 57 53 59 61 61 56 54 54 57 58 52 57 54 63 54 58 54 55 59 61 60 54 53 56 54 54 62 52 59 56 53 56 56 57 50 63 58 59 56 57 54 
62 59 55 55 53 53 52 53 52 60 51 56 53 53 56 52 58 54 61 51 60 57 55 55 50 58 61 56 53 54 58 56 58 60 56 55 61 57 58 57 58 59 56 61 51 62 55 56 64 54 60 52 54 54 49 58 54 56 55 55 55 53 51 54 57 63 50 63 50 51 55 47 54 61 47 53 55 59 52 54 54 63 53 55 52 55 59 57 56 57 53 48 62 58 57 59 
59 59 58 60 56 57 52 54 58 57 55 55 53 61 57 51 56 56 50 57 52 52 56 56 56 53 54 61 54 61 60 58 50 52 50 54 54 52 56 55 52 66 51 60 54 54 58 56 60 54 54 56 51 56 54 61 53 51 55 52 58 58 50 59 55 52 51 57 59 52 55 57 51 55 55 58 58 61 51 57 62 58 57 54 52 61 55 56 59 57 59 56 56 57 56 52 
55 57 58 48 60 61 54 54 59 61 50 55 57 57 56 54 58 55 62 53 60 58 60 57 53 56 51 57 51 55 57 54 56 55 54 50 54 60 53 53 55 56 57 50 54 51 60 57 59 57 52 55 60 55 54 54 63 61 65 54 56 53 54 63 59 53 57 51 56 54 56 56 60 62 50 59 54 57 60 60 57 56 56 51 56 54 57 56 49 56 63 58 56 56 57 63 
58 54 61 59 54 62 57 57 56 64 57 56 58 57 52 57 56 55 63 61 63 57 53 56 54 52 57 53 62 50 57 52 59 60 52 58 62 58 54 59 52 57 52 54 54 53 54 54 51 53 57 63 54 58 51 58 59 48 60 58 59 61 58 57 51 52 59 64 54 60 54 55 47 56 58 58 50 57 55 51 62 53 60 47 64 60 48 60 55 53 56 54 55 58 58 50 
